0: (15, 0.05719), (24, 0.10191), (44, 0.06471), (49, 0.04849), (58, 0.09955), (59, 0.10657), (68, 0.11816), (80, 0.06821), (97, 0.07705), (114, 0.0961), (149, 0.09659), (160, 0.11714), (163, 0.09368), (176, 0.08927), (191, 0.10711), (202, 0.04678), (204, 0.05476), (209, 0.09511), (211, 0.08438), (222, 0.07573), (225, 0.02383)
1: (72, 0.06506), (107, 0.07484), (130, 0.10203), (150, 0.10908), (164, 0.11039), (189, 0.09582), (194, 0.11069), (200, 0.0955), (203, 0.08567), (220, 0.10428)
2: (14, 0.08765), (18, 0.07425), (42, 0.11456), (51, 0.05083), (79, 0.11759), (86, 0.0598), (108, 0.09627), (110, 0.11746), (141, 0.11373)
3: (37, 0.08512), (45, 0.11902), (67, 0.09725), (76, 0.08069), (115, 0.09861), (153, 0.04799), (228, 0.07635), (241, 0.07024)
4: (5, 0.11184), (26, 0.08347), (55, 0.06425), (77, 0.10733), (78, 0.02559), (112, 0.08751), (128, 0.04751), (138, 0.11375), (159, 0.10114), (239, 0.03883), (240, 0.11344)
5: (26, 0.03351), (32, 0.11054), (55, 0.11131), (67, 0.1088), (77, 0.05505), (102, 0.03834), (104, 0.11574), (217, 0.09458), (226, 0.11433), (4, 0.11184)   
6: (16, 0.04529), (54, 0.11235), (98, 0.09893), (99, 0.11022), (117, 0.08821), (129, 0.05363), (140, 0.10829), (147, 0.07924), (166, 0.06998), (178, 0.07007), (236, 0.05556)
7: (42, 0.11616), (57, 0.06795), (65, 0.09235), (71, 0.11091), (101, 0.10577), (125, 0.02442), (148, 0.02175), (157, 0.00516), (181, 0.05778), (184, 0.04976), (188, 0.10982), (197, 0.06984), (230, 0.06107)
8: (11, 0.04709), (30, 0.03985), (43, 0.09334), (82, 0.07286), (85, 0.11331), (143, 0.07437), (152, 0.00702), (179, 0.09533), (207, 0.09011), (210, 0.10661), (212, 0.05604), (221, 0.11895), (244, 0.02711), (246, 0.09709)
9: (23, 0.03526), (33, 0.08216), (58, 0.10398), (68, 0.09604), (114, 0.11445), (142, 0.10955), (195, 0.04585)
10: (105, 0.11028), (106, 0.11976), (123, 0.00886), (175, 0.07429), (246, 0.09977)
11: (30, 0.08689), (43, 0.10208), (82, 0.03687), (85, 0.06928), (143, 0.08708), (152, 0.0414), (175, 0.09935), (207, 0.11101), (212, 0.09716), (244, 0.07397), (246, 0.06678), (8, 0.04709)
12: (28, 0.06032), (35, 0.06079), (36, 0.08058), (41, 0.06364), (88, 0.07461), (94, 0.08239), (113, 0.09906), (121, 0.08542), (170, 0.11918), (182, 0.06361), (198, 0.05807), (242, 0.08457)
13: (19, 0.08927), (100, 0.0256), (103, 0.08741), (129, 0.10843), (133, 0.06257), (162, 0.11602), (174, 0.09377), (192, 0.08128)
14: (18, 0.07335), (51, 0.09603), (86, 0.09145), (129, 0.10737), (133, 0.06649), (166, 0.08096), (2, 0.08765)
15: (24, 0.04507), (39, 0.09051), (49, 0.10519), (58, 0.10462), (66, 0.11797), (80, 0.08217), (114, 0.09104), (149, 0.04256), (163, 0.05589), (202, 0.08786), (204, 0.11074), (209, 0.0458), (211, 0.04), (222, 0.07726), (225, 0.07498), (0, 0.05719)
16: (54, 0.07406), (98, 0.11623), (99, 0.1021), (117, 0.05134), (129, 0.09325), (140, 0.07952), (147, 0.07171), (166, 0.11475), (178, 0.06981), (236, 0.07388), (6, 0.04529)
17: (41, 0.10519), (81, 0.05763), (121, 0.09728), (134, 0.10171), (158, 0.10542), (170, 0.07756), (182, 0.09423), (223, 0.11337), (229, 0.06676)
18: (35, 0.11609), (51, 0.11645), (86, 0.02813), (94, 0.11772), (141, 0.06466), (14, 0.07335), (2, 0.07425)
19: (70, 0.06872), (79, 0.08364), (84, 0.0354), (100, 0.06397), (103, 0.05319), (174, 0.01925), (179, 0.08733), (192, 0.09085), (243, 0.09323), (13, 0.08927)
20: (40, 0.07068), (75, 0.02897), (89, 0.0569), (116, 0.02095), (127, 0.11837), (164, 0.06088), (190, 0.09529), (194, 0.09349), (220, 0.10072), (247, 0.07725)
21: (27, 0.01873), (62, 0.07424), (65, 0.07811), (71, 0.03782), (138, 0.09594), (184, 0.11666), (188, 0.0428), (230, 0.08276), (233, 0.04409), (240, 0.08207)
22: (34, 0.03658), (53, 0.07033), (56, 0.01508), (73, 0.04871), (120, 0.06464), (145, 0.09324)
23: (33, 0.06032), (58, 0.07072), (68, 0.07437), (114, 0.0796), (176, 0.11709), (195, 0.0809), (222, 0.09692), (9, 0.03526)
24: (39, 0.07951), (66, 0.08457), (80, 0.11814), (114, 0.10397), (149, 0.02915), (163, 0.05034), (206, 0.09602), (209, 0.02802), (211, 0.03696), (222, 0.09835), (225, 0.11996), (15, 0.04507), (0, 0.10191)
25: (60, 0.03405), (63, 0.09366), (96, 0.08879), (111, 0.05309), (199, 0.07779)
26: (55, 0.09933), (77, 0.03854), (78, 0.09413), (102, 0.0419), (138, 0.09654), (217, 0.1191), (226, 0.11644), (239, 0.11461), (240, 0.11097), (5, 0.03351), (4, 0.08347)
27: (62, 0.07419), (65, 0.07207), (71, 0.05107), (138, 0.07814), (184, 0.11544), (188, 0.03989), (230, 0.08817), (233, 0.04883), (240, 0.06581), (21, 0.01873)
28: (35, 0.10487), (41, 0.10902), (94, 0.08477), (113, 0.05483), (121, 0.07801), (170, 0.10987), (182, 0.08584), (198, 0.00775), (223, 0.09677), (242, 0.02503), (12, 0.06032)
29: (47, 0.02921), (64, 0.10752), (91, 0.06429), (109, 0.0944), (137, 0.06803), (146, 0.08191), (167, 0.10821), (218, 0.02524), (224, 0.03477), (227, 0.10208)
30: (43, 0.10126), (70, 0.10835), (79, 0.10818), (82, 0.10926), (143, 0.0874), (152, 0.04565), (156, 0.11364), (179, 0.0657), (207, 0.08708), (210, 0.09124), (212, 0.03314), (214, 0.1128), (219, 0.11146), (221, 0.11496), (244, 0.01475), (11, 0.08689), (8, 0.03985)
31: (37, 0.09487), (115, 0.0873), (153, 0.10769), (228, 0.07913), (241, 0.07871)
32: (52, 0.07988), (77, 0.11466), (93, 0.0741), (102, 0.09251), (104, 0.10076), (144, 0.07333), (151, 0.11408), (160, 0.11627), (168, 0.05434), (185, 0.10165), (187, 0.04594), (201, 0.11801), (208, 0.11121), (226, 0.07421), (231, 0.057), (248, 0.07367), (5, 0.11054)
33: (58, 0.09102), (114, 0.08593), (163, 0.10678), (222, 0.10644), (23, 0.06032), (9, 0.08216)
34: (53, 0.08565), (56, 0.04399), (73, 0.01812), (120, 0.09075), (145, 0.07784), (22, 0.03658)
35: (36, 0.08804), (41, 0.10606), (88, 0.07142), (94, 0.06254), (141, 0.11388), (198, 0.10645), (28, 0.10487), (18, 0.11609), (12, 0.06079)
36: (41, 0.05329), (88, 0.01841), (98, 0.08515), (182, 0.09055), (35, 0.08804), (12, 0.08058)
37: (76, 0.02674), (95, 0.09352), (115, 0.01398), (153, 0.03846), (228, 0.07596), (241, 0.06139), (31, 0.09487), (3, 0.08512)
38: (74, 0.06907), (109, 0.09245), (126, 0.00845), (183, 0.08279), (215, 0.0529)
39: (66, 0.0559), (80, 0.10277), (149, 0.05382), (206, 0.10412), (209, 0.10654), (211, 0.11209), (24, 0.07951), (15, 0.09051)
40: (75, 0.07166), (89, 0.10329), (116, 0.051), (150, 0.07051), (164, 0.03395), (190, 0.03649), (194, 0.10624), (220, 0.0315), (247, 0.07741), (20, 0.07068)41: (81, 0.11854), (88, 0.06374), (121, 0.07816), (170, 0.09973), (182, 0.03878), (198, 0.10323), (36, 0.05329), (35, 0.10606), (28, 0.10902), (17, 0.10519), (12, 0.06364)
42: (86, 0.09639), (101, 0.09688), (108, 0.06664), (135, 0.05008), (141, 0.0888), (157, 0.11467), (181, 0.06506), (196, 0.09113), (7, 0.11616), (2, 0.11456)43: (82, 0.08576), (152, 0.08933), (156, 0.10122), (207, 0.02708), (210, 0.05763), (212, 0.07554), (219, 0.09405), (221, 0.03765), (244, 0.10274), (30, 0.10126), (11, 0.10208), (8, 0.09334)
44: (49, 0.02107), (59, 0.09573), (68, 0.1193), (80, 0.10281), (93, 0.06793), (97, 0.03365), (144, 0.09765), (160, 0.06268), (168, 0.10433), (176, 0.07613), (185, 0.10945), (191, 0.0824), (202, 0.05971), (204, 0.01774), (222, 0.1137), (225, 0.05336), (231, 0.10384), (248, 0.11288), (0, 0.06471)
45: (48, 0.11127), (67, 0.06225), (76, 0.11037), (83, 0.02906), (95, 0.10135), (104, 0.11417), (217, 0.04535), (232, 0.09323), (3, 0.11902)
46: (161, 0.07892), (169, 0.06854), (177, 0.11118), (186, 0.07689)
47: (64, 0.10444), (91, 0.06658), (109, 0.07505), (137, 0.06569), (146, 0.09071), (167, 0.11422), (218, 0.02914), (224, 0.05238), (29, 0.02921)
48: (50, 0.09958), (83, 0.08782), (104, 0.06005), (144, 0.11407), (185, 0.095), (201, 0.03841), (216, 0.07531), (217, 0.1171), (232, 0.02109), (248, 0.10057), (45, 0.11127)
49: (59, 0.08296), (80, 0.08196), (93, 0.08739), (97, 0.03121), (144, 0.10234), (160, 0.08334), (176, 0.0861), (185, 0.10833), (191, 0.09628), (202, 0.05875), (204, 0.02568), (222, 0.10927), (225, 0.03314), (248, 0.11708), (44, 0.02107), (15, 0.10519), (0, 0.04849)
50: (59, 0.04226), (80, 0.10173), (97, 0.10154), (104, 0.11784), (144, 0.08851), (185, 0.05942), (201, 0.09673), (232, 0.11667), (248, 0.08802), (48, 0.09958)
51: (70, 0.0799), (79, 0.06984), (86, 0.10847), (110, 0.11491), (133, 0.11676), (214, 0.10713), (18, 0.11645), (14, 0.09603), (2, 0.05083)
52: (77, 0.10533), (93, 0.09973), (102, 0.1013), (151, 0.03422), (168, 0.06388), (187, 0.03447), (208, 0.03135), (226, 0.02384), (231, 0.06392), (32, 0.07988)
53: (56, 0.05542), (73, 0.10372), (81, 0.11179), (119, 0.0762), (120, 0.02782), (134, 0.10851), (145, 0.06902), (229, 0.09315), (34, 0.08565), (22, 0.07033)54: (99, 0.08037), (117, 0.08936), (140, 0.02922), (147, 0.07003), (16, 0.07406), (6, 0.11235)
55: (67, 0.08505), (78, 0.08955), (112, 0.0459), (128, 0.09745), (136, 0.10111), (159, 0.08414), (217, 0.11852), (239, 0.09744), (26, 0.09933), (5, 0.11131), (4, 0.06425)
56: (73, 0.05918), (119, 0.11916), (120, 0.05027), (145, 0.08552), (161, 0.11851), (53, 0.05542), (34, 0.04399), (22, 0.01508)
57: (65, 0.0675), (118, 0.08024), (125, 0.06349), (148, 0.06092), (151, 0.10773), (157, 0.06773), (172, 0.11673), (181, 0.1171), (184, 0.03368), (188, 0.10123), (197, 0.02583), (208, 0.11002), (230, 0.08049), (7, 0.06795)
58: (68, 0.04795), (114, 0.01947), (163, 0.07425), (176, 0.06845), (191, 0.08507), (202, 0.06778), (204, 0.10891), (209, 0.0954), (211, 0.08501), (222, 0.02759), (33, 0.09102), (23, 0.07072), (15, 0.10462), (9, 0.10398), (0, 0.09955)
59: (80, 0.06845), (97, 0.06442), (144, 0.08084), (185, 0.06135), (204, 0.10796), (225, 0.08326), (248, 0.08763), (50, 0.04226), (49, 0.08296), (44, 0.09573), (0, 0.10657)
60: (63, 0.06637), (96, 0.0569), (111, 0.08712), (199, 0.04868), (237, 0.11595), (25, 0.03405)
61: (87, 0.05163), (89, 0.0905), (111, 0.06739), (130, 0.06867), (194, 0.07466), (234, 0.10977)
62: (71, 0.10901), (78, 0.1114), (90, 0.08635), (128, 0.11744), (138, 0.09478), (188, 0.11357), (233, 0.03192), (239, 0.10804), (240, 0.07405), (27, 0.07419), (21, 0.07424)
63: (96, 0.02231), (199, 0.01821), (237, 0.04962), (60, 0.06637), (25, 0.09366)
64: (91, 0.04394), (109, 0.06144), (119, 0.06813), (134, 0.09237), (137, 0.03977), (145, 0.07791), (146, 0.04384), (183, 0.09898), (215, 0.11174), (218, 0.08298), (227, 0.0849), (47, 0.10444), (29, 0.10752)
65: (71, 0.06843), (125, 0.10535), (138, 0.1137), (148, 0.07162), (151, 0.10304), (157, 0.08838), (181, 0.10922), (184, 0.0479), (188, 0.03552), (197, 0.09301), (208, 0.10677), (230, 0.05007), (240, 0.11415), (57, 0.0675), (27, 0.07207), (21, 0.07811), (7, 0.09235)
66: (149, 0.07561), (206, 0.05154), (209, 0.11107), (39, 0.0559), (24, 0.08457), (15, 0.11797)
67: (83, 0.07338), (112, 0.11331), (217, 0.04501), (55, 0.08505), (45, 0.06225), (5, 0.1088), (3, 0.09725)
68: (114, 0.06736), (160, 0.10388), (165, 0.10769), (176, 0.04396), (191, 0.04982), (202, 0.07329), (204, 0.10336), (222, 0.06811), (58, 0.04795), (44, 0.1193), (23, 0.07437), (9, 0.09604), (0, 0.11816)
69: (107, 0.0564), (128, 0.11896), (173, 0.05282)
70: (79, 0.01576), (84, 0.08129), (100, 0.11309), (174, 0.08574), (179, 0.06528), (212, 0.11795), (214, 0.10735), (244, 0.11957), (51, 0.0799), (30, 0.10835), (19, 0.06872)
71: (135, 0.10448), (148, 0.09121), (157, 0.10574), (181, 0.08837), (184, 0.09326), (188, 0.03894), (230, 0.05108), (233, 0.07728), (240, 0.11683), (65, 0.06843), (62, 0.10901), (27, 0.05107), (21, 0.03782), (7, 0.11091)
72: (107, 0.11731), (150, 0.0821), (177, 0.06434), (186, 0.09359), (189, 0.03706), (200, 0.08158), (203, 0.0347), (220, 0.10329), (249, 0.07452), (1, 0.06506)
73: (120, 0.10775), (145, 0.09149), (56, 0.05918), (53, 0.10372), (34, 0.01812), (22, 0.04871)
74: (109, 0.1073), (126, 0.07749), (183, 0.0519), (215, 0.04643), (38, 0.06907)
75: (89, 0.03394), (116, 0.02706), (164, 0.04846), (190, 0.10387), (194, 0.06452), (220, 0.09669), (247, 0.10191), (40, 0.07166), (20, 0.02897)
76: (95, 0.0737), (115, 0.03658), (153, 0.04395), (228, 0.09469), (241, 0.08004), (45, 0.11037), (37, 0.02674), (3, 0.08069)
77: (78, 0.10966), (102, 0.02737), (138, 0.07171), (151, 0.11765), (187, 0.10655), (208, 0.11848), (226, 0.08175), (240, 0.09031), (52, 0.10533), (32, 0.11466), (26, 0.03854), (5, 0.05505), (4, 0.10733)
78: (112, 0.10817), (128, 0.03633), (138, 0.09955), (159, 0.11389), (239, 0.02065), (240, 0.09536), (77, 0.10966), (62, 0.1114), (55, 0.08955), (26, 0.09413), (4, 0.02559)
79: (84, 0.097), (110, 0.11633), (174, 0.1011), (179, 0.07431), (212, 0.11328), (214, 0.09294), (70, 0.01576), (51, 0.06984), (30, 0.10818), (19, 0.08364), (2, 0.11759)
80: (97, 0.08938), (149, 0.09615), (202, 0.11386), (204, 0.10423), (225, 0.05577), (59, 0.06845), (50, 0.10173), (49, 0.08196), (44, 0.10281), (39, 0.10277), (24, 0.11814), (15, 0.08217), (0, 0.06821)
81: (119, 0.08225), (134, 0.04508), (146, 0.11254), (227, 0.07588), (229, 0.10166), (53, 0.11179), (41, 0.11854), (17, 0.05763)
82: (85, 0.04344), (152, 0.0659), (175, 0.11914), (207, 0.1029), (212, 0.10888), (244, 0.09913), (246, 0.09265), (43, 0.08576), (30, 0.10926), (11, 0.03687), (8, 0.07286)
83: (95, 0.11982), (104, 0.08511), (201, 0.09238), (217, 0.03695), (232, 0.06812), (67, 0.07338), (48, 0.08782), (45, 0.02906)
84: (100, 0.09532), (103, 0.05747), (106, 0.11963), (131, 0.10014), (174, 0.0277), (179, 0.06994), (192, 0.10034), (193, 0.09844), (243, 0.07221), (79, 0.097), (70, 0.08129), (19, 0.0354)
85: (152, 0.10662), (175, 0.11147), (246, 0.09698), (82, 0.04344), (11, 0.06928), (8, 0.11331)
86: (108, 0.11578), (135, 0.10345), (141, 0.0564), (51, 0.10847), (42, 0.09639), (18, 0.02813), (14, 0.09145), (2, 0.0598)
87: (111, 0.1119), (130, 0.03684), (136, 0.10342), (194, 0.08273), (234, 0.08302), (61, 0.05163)
88: (98, 0.08567), (182, 0.09779), (41, 0.06374), (36, 0.01841), (35, 0.07142), (12, 0.07461)
89: (116, 0.06089), (127, 0.10682), (130, 0.10584), (164, 0.07494), (194, 0.0511), (75, 0.03394), (61, 0.0905), (40, 0.10329), (20, 0.0569)
90: (113, 0.11828), (173, 0.06973), (233, 0.10517), (242, 0.10115), (62, 0.08635)
91: (109, 0.06129), (119, 0.09388), (134, 0.09544), (137, 0.01061), (145, 0.11905), (146, 0.02723), (218, 0.04088), (224, 0.09863), (227, 0.0696), (64, 0.04394), (47, 0.06658), (29, 0.06429)
92: (122, 0.11702), (132, 0.07972), (139, 0.11349), (171, 0.08961), (172, 0.09296), (205, 0.11628), (235, 0.0604)
93: (97, 0.0755), (144, 0.08371), (160, 0.0436), (168, 0.03641), (176, 0.1057), (185, 0.11051), (187, 0.0764), (191, 0.09704), (202, 0.11502), (204, 0.07908), (226, 0.11188), (231, 0.03594), (248, 0.09608), (52, 0.09973), (49, 0.08739), (44, 0.06793), (32, 0.0741)
94: (141, 0.0807), (198, 0.09053), (242, 0.09095), (35, 0.06254), (28, 0.08477), (18, 0.11772), (12, 0.08239)
95: (115, 0.09423), (153, 0.1171), (216, 0.11785), (83, 0.11982), (76, 0.0737), (45, 0.10135), (37, 0.09352)
96: (199, 0.01569), (237, 0.06553), (63, 0.02231), (60, 0.0569), (25, 0.08879)
97: (144, 0.07138), (160, 0.08756), (168, 0.10904), (176, 0.10973), (185, 0.07779), (191, 0.11562), (202, 0.0887), (204, 0.04951), (225, 0.05664), (231, 0.10938), (248, 0.08598), (93, 0.0755), (80, 0.08938), (59, 0.06442), (50, 0.10154), (49, 0.03121), (44, 0.03365), (0, 0.07705)
98: (117, 0.11425), (178, 0.05183), (236, 0.04433), (88, 0.08567), (36, 0.08515), (16, 0.11623), (6, 0.09893)
99: (129, 0.10765), (140, 0.0515), (147, 0.03171), (162, 0.06455), (54, 0.08037), (16, 0.1021), (6, 0.11022)
100: (103, 0.0658), (133, 0.08099), (174, 0.06827), (192, 0.07056), (84, 0.09532), (70, 0.11309), (19, 0.06397), (13, 0.0256)
101: (108, 0.05491), (110, 0.07783), (122, 0.0509), (125, 0.10521), (139, 0.03983), (156, 0.0993), (157, 0.10869), (181, 0.10336), (196, 0.03115), (205, 0.05734), (214, 0.10662), (219, 0.10279), (42, 0.09688), (7, 0.10577)
102: (138, 0.09831), (187, 0.09374), (226, 0.07775), (240, 0.1174), (77, 0.02737), (52, 0.1013), (32, 0.09251), (26, 0.0419), (5, 0.03834)
103: (174, 0.03708), (192, 0.04287), (243, 0.05731), (100, 0.0658), (84, 0.05747), (19, 0.05319), (13, 0.08741)
104: (144, 0.08161), (185, 0.07936), (201, 0.02597), (217, 0.09568), (232, 0.04888), (248, 0.0664), (83, 0.08511), (50, 0.11784), (48, 0.06005), (45, 0.11417), (32, 0.10076), (5, 0.11574)
105: (106, 0.01034), (123, 0.10392), (131, 0.03234), (143, 0.07217), (193, 0.03141), (243, 0.11674), (246, 0.11604), (10, 0.11028)
106: (123, 0.11362), (131, 0.02227), (143, 0.06821), (179, 0.1193), (193, 0.02119), (243, 0.1094), (246, 0.11883), (105, 0.01034), (84, 0.11963), (10, 0.11976)
107: (130, 0.11436), (173, 0.08976), (200, 0.08254), (203, 0.11594), (72, 0.11731), (69, 0.0564), (1, 0.07484)
108: (110, 0.06803), (122, 0.08214), (135, 0.11644), (139, 0.07724), (156, 0.10525), (181, 0.10766), (196, 0.03132), (205, 0.08755), (214, 0.09401), (219, 0.11157), (101, 0.05491), (86, 0.11578), (42, 0.06664), (2, 0.09627)
109: (126, 0.09332), (137, 0.05083), (146, 0.0842), (183, 0.06517), (215, 0.06179), (218, 0.07179), (91, 0.06129), (74, 0.1073), (64, 0.06144), (47, 0.07505), (38, 0.09245), (29, 0.0944)
110: (122, 0.05351), (139, 0.06016), (156, 0.03963), (196, 0.05323), (205, 0.05391), (207, 0.11522), (210, 0.08364), (212, 0.1155), (214, 0.0292), (219, 0.0468), (221, 0.11114), (108, 0.06803), (101, 0.07783), (79, 0.11633), (51, 0.11491), (2, 0.11746)
111: (87, 0.1119), (61, 0.06739), (60, 0.08712), (25, 0.05309)
112: (128, 0.0996), (136, 0.05632), (159, 0.04347), (234, 0.08047), (239, 0.10722), (78, 0.10817), (67, 0.11331), (55, 0.0459), (4, 0.08751)
113: (121, 0.05379), (158, 0.09842), (170, 0.07229), (182, 0.08536), (198, 0.05009), (223, 0.04665), (242, 0.05551), (90, 0.11828), (28, 0.05483), (12, 0.09906)
114: (163, 0.05526), (176, 0.08339), (191, 0.10158), (202, 0.07319), (204, 0.11526), (209, 0.07685), (211, 0.06713), (222, 0.0206), (225, 0.11896), (68, 0.06736), (58, 0.01947), (33, 0.08593), (24, 0.10397), (23, 0.0796), (15, 0.09104), (9, 0.11445), (0, 0.0961)
115: (153, 0.05126), (228, 0.08124), (241, 0.0673), (95, 0.09423), (76, 0.03658), (37, 0.01398), (31, 0.0873), (3, 0.09861)
116: (164, 0.0406), (190, 0.07925), (194, 0.08583), (220, 0.08021), (247, 0.07638), (89, 0.06089), (75, 0.02706), (40, 0.051), (20, 0.02095)
117: (140, 0.10873), (147, 0.11794), (167, 0.09427), (178, 0.0629), (236, 0.08473), (98, 0.11425), (54, 0.08936), (16, 0.05134), (6, 0.08821)
118: (124, 0.063), (142, 0.1165), (151, 0.10687), (155, 0.07746), (165, 0.08159), (172, 0.08663), (180, 0.07699), (184, 0.11388), (197, 0.06902), (208, 0.10634), (213, 0.09204), (57, 0.08024)
119: (120, 0.10342), (134, 0.04953), (137, 0.09676), (145, 0.05361), (146, 0.07143), (227, 0.07465), (91, 0.09388), (81, 0.08225), (64, 0.06813), (56, 0.11916), (53, 0.0762)
120: (145, 0.09428), (161, 0.09789), (229, 0.08292), (119, 0.10342), (73, 0.10775), (56, 0.05027), (53, 0.02782), (34, 0.09075), (22, 0.06464)
121: (158, 0.08749), (170, 0.03464), (182, 0.03939), (198, 0.07031), (223, 0.0453), (242, 0.09371), (113, 0.05379), (41, 0.07816), (28, 0.07801), (17, 0.09728), (12, 0.08542)
122: (139, 0.01217), (156, 0.05505), (196, 0.05144), (205, 0.00647), (207, 0.11241), (210, 0.08536), (214, 0.07516), (219, 0.05638), (221, 0.09525), (110, 0.05351), (108, 0.08214), (101, 0.0509), (92, 0.11702)
123: (175, 0.07983), (246, 0.10306), (106, 0.11362), (105, 0.10392), (10, 0.00886)
124: (142, 0.06118), (155, 0.01487), (165, 0.05177), (171, 0.08584), (172, 0.04713), (180, 0.03552), (197, 0.10321), (213, 0.03033), (235, 0.10482), (118, 0.063)
125: (148, 0.04208), (157, 0.02917), (172, 0.1122), (181, 0.08041), (184, 0.05816), (197, 0.05633), (230, 0.08248), (101, 0.10521), (65, 0.10535), (57, 0.06349), (7, 0.02442)
126: (183, 0.08912), (215, 0.05899), (109, 0.09332), (74, 0.07749), (38, 0.00845)
127: (89, 0.10682), (20, 0.11837)
128: (136, 0.11358), (159, 0.09153), (173, 0.11948), (239, 0.01726), (112, 0.0996), (78, 0.03633), (69, 0.11896), (62, 0.11744), (55, 0.09745), (4, 0.04751)129: (133, 0.07141), (147, 0.08531), (166, 0.03392), (178, 0.11909), (236, 0.09707), (99, 0.10765), (16, 0.09325), (14, 0.10737), (13, 0.10843), (6, 0.05363)
130: (194, 0.05825), (234, 0.11697), (107, 0.11436), (89, 0.10584), (87, 0.03684), (61, 0.06867), (1, 0.10203)
131: (143, 0.05854), (179, 0.09728), (193, 0.01012), (243, 0.10112), (106, 0.02227), (105, 0.03234), (84, 0.10014)
132: (154, 0.08146), (171, 0.0746), (235, 0.05508), (238, 0.06935), (92, 0.07972)
133: (166, 0.06778), (129, 0.07141), (100, 0.08099), (51, 0.11676), (14, 0.06649), (13, 0.06257)
134: (137, 0.10296), (145, 0.10314), (146, 0.06821), (227, 0.03986), (119, 0.04953), (91, 0.09544), (81, 0.04508), (64, 0.09237), (53, 0.10851), (17, 0.10171)
135: (141, 0.06693), (181, 0.07362), (230, 0.11174), (108, 0.11644), (86, 0.10345), (71, 0.10448), (42, 0.05008)
136: (159, 0.0231), (234, 0.03185), (128, 0.11358), (112, 0.05632), (87, 0.10342), (55, 0.10111)
137: (145, 0.11708), (146, 0.03524), (183, 0.11008), (215, 0.11222), (218, 0.04325), (224, 0.10278), (227, 0.0793), (134, 0.10296), (119, 0.09676), (109, 0.05083), (91, 0.01061), (64, 0.03977), (47, 0.06569), (29, 0.06803)
138: (151, 0.11903), (188, 0.10136), (226, 0.11064), (233, 0.09598), (239, 0.11352), (240, 0.02076), (102, 0.09831), (78, 0.09955), (77, 0.07171), (65, 0.1137), (62, 0.09478), (27, 0.07814), (26, 0.09654), (21, 0.09594), (4, 0.11375)
139: (156, 0.06665), (196, 0.04593), (205, 0.01814), (210, 0.09743), (214, 0.08428), (219, 0.06833), (221, 0.10596), (122, 0.01217), (110, 0.06016), (108, 0.07724), (101, 0.03983), (92, 0.11349)
140: (147, 0.04712), (162, 0.10969), (117, 0.10873), (99, 0.0515), (54, 0.02922), (16, 0.07952), (6, 0.10829)
141: (135, 0.06693), (94, 0.0807), (86, 0.0564), (42, 0.0888), (35, 0.11388), (18, 0.06466), (2, 0.11373)
142: (154, 0.11701), (155, 0.04818), (165, 0.04797), (171, 0.08119), (172, 0.09299), (180, 0.04124), (195, 0.08901), (213, 0.03433), (235, 0.11123), (238, 0.10237), (124, 0.06118), (118, 0.1165), (9, 0.10955)
143: (152, 0.07831), (175, 0.10421), (179, 0.08905), (193, 0.06865), (212, 0.11875), (244, 0.07554), (246, 0.0759), (131, 0.05854), (106, 0.06821), (105, 0.07217), (30, 0.0874), (11, 0.08708), (8, 0.07437)
144: (168, 0.0965), (185, 0.03018), (187, 0.1138), (201, 0.0814), (204, 0.1154), (231, 0.09846), (232, 0.11686), (248, 0.01527), (104, 0.08161), (97, 0.07138), (93, 0.08371), (59, 0.08084), (50, 0.08851), (49, 0.10234), (48, 0.11407), (44, 0.09765), (32, 0.07333)
145: (146, 0.10595), (137, 0.11708), (134, 0.10314), (120, 0.09428), (119, 0.05361), (91, 0.11905), (73, 0.09149), (64, 0.07791), (56, 0.08552), (53, 0.06902), (34, 0.07784), (22, 0.09324)
146: (218, 0.06252), (224, 0.11387), (227, 0.0456), (145, 0.10595), (137, 0.03524), (134, 0.06821), (119, 0.07143), (109, 0.0842), (91, 0.02723), (81, 0.11254), (64, 0.04384), (47, 0.09071), (29, 0.08191)
147: (162, 0.09416), (166, 0.11877), (140, 0.04712), (129, 0.08531), (117, 0.11794), (99, 0.03171), (54, 0.07003), (16, 0.07171), (6, 0.07924)
148: (157, 0.01712), (181, 0.0562), (184, 0.03398), (188, 0.08809), (197, 0.07085), (230, 0.04043), (125, 0.04208), (71, 0.09121), (65, 0.07162), (57, 0.06092), (7, 0.02175)
149: (163, 0.07447), (206, 0.10265), (209, 0.05363), (211, 0.0583), (222, 0.11405), (225, 0.10995), (80, 0.09615), (66, 0.07561), (39, 0.05382), (24, 0.02915), (15, 0.04256), (0, 0.09659)
150: (164, 0.09115), (169, 0.06638), (177, 0.08428), (186, 0.08087), (189, 0.06046), (190, 0.06182), (203, 0.11351), (220, 0.04158), (72, 0.0821), (40, 0.07051), (1, 0.10908)
151: (168, 0.09264), (187, 0.06861), (208, 0.00391), (226, 0.04792), (231, 0.09202), (138, 0.11903), (118, 0.10687), (77, 0.11765), (65, 0.10304), (57, 0.10773), (52, 0.03422), (32, 0.11408)
152: (179, 0.10233), (207, 0.08799), (210, 0.10636), (212, 0.05852), (221, 0.11655), (244, 0.03365), (246, 0.0951), (143, 0.07831), (85, 0.10662), (82, 0.0659), (43, 0.08933), (30, 0.04565), (11, 0.0414), (8, 0.00702)
153: (228, 0.05583), (241, 0.04247), (115, 0.05126), (95, 0.1171), (76, 0.04395), (37, 0.03846), (31, 0.10769), (3, 0.04799)
154: (171, 0.08024), (195, 0.11016), (235, 0.09296), (238, 0.02365), (245, 0.04011), (142, 0.11701), (132, 0.08146)
155: (165, 0.05001), (171, 0.07487), (172, 0.04996), (180, 0.03246), (197, 0.11679), (213, 0.01559), (235, 0.09681), (238, 0.1194), (142, 0.04818), (124, 0.01487), (118, 0.07746)
156: (196, 0.08377), (205, 0.05088), (207, 0.07567), (210, 0.04409), (212, 0.08418), (214, 0.03435), (219, 0.00745), (221, 0.0728), (139, 0.06665), (122, 0.05505), (110, 0.03963), (108, 0.10525), (101, 0.0993), (43, 0.10122), (30, 0.11364)
157: (181, 0.05473), (184, 0.04716), (188, 0.10501), (197, 0.07152), (230, 0.05597), (148, 0.01712), (125, 0.02917), (101, 0.10869), (71, 0.10574), (65, 0.08838), (57, 0.06773), (42, 0.11467), (7, 0.00516)
158: (170, 0.05722), (200, 0.07196), (203, 0.09121), (223, 0.05291), (229, 0.09925), (249, 0.05734), (121, 0.08749), (113, 0.09842), (17, 0.10542)
159: (234, 0.0549), (239, 0.10493), (136, 0.0231), (128, 0.09153), (112, 0.04347), (78, 0.11389), (55, 0.08414), (4, 0.10114)
160: (168, 0.06839), (176, 0.06571), (187, 0.10794), (191, 0.0541), (202, 0.08639), (204, 0.06352), (225, 0.11314), (231, 0.06647), (97, 0.08756), (93, 0.0436), (68, 0.10388), (49, 0.08334), (44, 0.06268), (32, 0.11627), (0, 0.11714)
161: (169, 0.10571), (177, 0.07299), (186, 0.06124), (189, 0.10748), (229, 0.10509), (249, 0.11843), (120, 0.09789), (56, 0.11851), (46, 0.07892)
162: (192, 0.09472), (147, 0.09416), (140, 0.10969), (99, 0.06455), (13, 0.11602)
163: (202, 0.09825), (209, 0.02235), (211, 0.01708), (222, 0.05489), (225, 0.11682), (149, 0.07447), (114, 0.05526), (58, 0.07425), (33, 0.10678), (24, 0.05034), (15, 0.05589), (0, 0.09368)
164: (190, 0.07043), (194, 0.07229), (220, 0.05001), (247, 0.09969), (150, 0.09115), (116, 0.0406), (89, 0.07494), (75, 0.04846), (40, 0.03395), (20, 0.06088), (1, 0.11039)
165: (171, 0.11685), (172, 0.09828), (180, 0.01756), (191, 0.10673), (213, 0.05003), (155, 0.05001), (142, 0.04797), (124, 0.05177), (118, 0.08159), (68, 0.10769)
166: (236, 0.09479), (147, 0.11877), (133, 0.06778), (129, 0.03392), (16, 0.11475), (14, 0.08096), (6, 0.06998)
167: (224, 0.07521), (117, 0.09427), (47, 0.11422), (29, 0.10821)
168: (187, 0.0408), (204, 0.11515), (208, 0.08885), (226, 0.07555), (231, 0.00268), (248, 0.10481), (160, 0.06839), (151, 0.09264), (144, 0.0965), (97, 0.10904), (93, 0.03641), (52, 0.06388), (44, 0.10433), (32, 0.05434)
169: (177, 0.08571), (186, 0.05624), (189, 0.08899), (190, 0.0932), (220, 0.10104), (161, 0.10571), (150, 0.06638), (46, 0.06854)
170: (182, 0.06422), (198, 0.10237), (223, 0.03653), (229, 0.10924), (249, 0.11264), (158, 0.05722), (121, 0.03464), (113, 0.07229), (41, 0.09973), (28, 0.10987), (17, 0.07756), (12, 0.11918)
171: (172, 0.06889), (180, 0.10106), (213, 0.06758), (235, 0.03106), (238, 0.05664), (245, 0.11526), (165, 0.11685), (155, 0.07487), (154, 0.08024), (142, 0.08119), (132, 0.0746), (124, 0.08584), (92, 0.08961)
172: (180, 0.08119), (197, 0.09121), (213, 0.05932), (235, 0.07388), (171, 0.06889), (165, 0.09828), (155, 0.04996), (142, 0.09299), (125, 0.1122), (124, 0.04713), (118, 0.08663), (92, 0.09296), (57, 0.11673)
173: (128, 0.11948), (107, 0.08976), (90, 0.06973), (69, 0.05282)
174: (179, 0.09292), (192, 0.07813), (243, 0.07415), (103, 0.03708), (100, 0.06827), (84, 0.0277), (79, 0.1011), (70, 0.08574), (19, 0.01925), (13, 0.09377)175: (246, 0.03569), (143, 0.10421), (123, 0.07983), (85, 0.11147), (82, 0.11914), (11, 0.09935), (10, 0.07429)
176: (191, 0.02089), (202, 0.04299), (204, 0.06123), (222, 0.07243), (225, 0.09939), (160, 0.06571), (114, 0.08339), (97, 0.10973), (93, 0.1057), (68, 0.04396), (58, 0.06845), (49, 0.0861), (44, 0.07613), (23, 0.11709), (0, 0.08927)
177: (186, 0.03537), (189, 0.03512), (203, 0.0682), (249, 0.07806), (169, 0.08571), (161, 0.07299), (150, 0.08428), (72, 0.06434), (46, 0.11118)
178: (236, 0.02867), (129, 0.11909), (117, 0.0629), (98, 0.05183), (16, 0.06981), (6, 0.07007)
179: (193, 0.10256), (212, 0.09146), (244, 0.0705), (174, 0.09292), (152, 0.10233), (143, 0.08905), (131, 0.09728), (106, 0.1193), (84, 0.06994), (79, 0.07431), (70, 0.06528), (30, 0.0657), (19, 0.08733), (8, 0.09533)
180: (213, 0.03355), (172, 0.08119), (171, 0.10106), (165, 0.01756), (155, 0.03246), (142, 0.04124), (124, 0.03552), (118, 0.07699)
181: (184, 0.08764), (188, 0.10778), (196, 0.11674), (230, 0.05963), (157, 0.05473), (148, 0.0562), (135, 0.07362), (125, 0.08041), (108, 0.10766), (101, 0.10336), (71, 0.08837), (65, 0.10922), (57, 0.1171), (42, 0.06506), (7, 0.05778)
182: (198, 0.0787), (223, 0.08452), (242, 0.10811), (170, 0.06422), (121, 0.03939), (113, 0.08536), (88, 0.09779), (41, 0.03878), (36, 0.09055), (28, 0.08584), (17, 0.09423), (12, 0.06361)
183: (215, 0.03017), (137, 0.11008), (126, 0.08912), (109, 0.06517), (74, 0.0519), (64, 0.09898), (38, 0.08279)
184: (188, 0.07566), (197, 0.05351), (230, 0.04691), (181, 0.08764), (157, 0.04716), (148, 0.03398), (125, 0.05816), (118, 0.11388), (71, 0.09326), (65, 0.0479), (57, 0.03368), (27, 0.11544), (21, 0.11666), (7, 0.04976)
185: (201, 0.06956), (232, 0.10259), (248, 0.02896), (144, 0.03018), (104, 0.07936), (97, 0.07779), (93, 0.11051), (59, 0.06135), (50, 0.05942), (49, 0.10833), (48, 0.095), (44, 0.10945), (32, 0.10165)
186: (189, 0.05775), (203, 0.10305), (249, 0.11195), (177, 0.03537), (169, 0.05624), (161, 0.06124), (150, 0.08087), (72, 0.09359), (46, 0.07689)
187: (208, 0.06557), (226, 0.0366), (231, 0.04215), (248, 0.11716), (168, 0.0408), (160, 0.10794), (151, 0.06861), (144, 0.1138), (102, 0.09374), (93, 0.0764), (77, 0.10655), (52, 0.03447), (32, 0.04594)
188: (230, 0.05191), (233, 0.08575), (240, 0.0956), (184, 0.07566), (181, 0.10778), (157, 0.10501), (148, 0.08809), (138, 0.10136), (71, 0.03894), (65, 0.03552), (62, 0.11357), (57, 0.10123), (27, 0.03989), (21, 0.0428), (7, 0.10982)
189: (200, 0.11303), (203, 0.05779), (220, 0.09403), (249, 0.08557), (186, 0.05775), (177, 0.03512), (169, 0.08899), (161, 0.10748), (150, 0.06046), (72, 0.03706), (1, 0.09582)
190: (220, 0.0433), (247, 0.0668), (169, 0.0932), (164, 0.07043), (150, 0.06182), (116, 0.07925), (75, 0.10387), (40, 0.03649), (20, 0.09529)
191: (202, 0.06216), (204, 0.07061), (222, 0.09234), (225, 0.11446), (231, 0.11935), (176, 0.02089), (165, 0.10673), (160, 0.0541), (114, 0.10158), (97, 0.11562), (93, 0.09704), (68, 0.04982), (58, 0.08507), (49, 0.09628), (44, 0.0824), (0, 0.10711)
192: (243, 0.07897), (174, 0.07813), (162, 0.09472), (103, 0.04287), (100, 0.07056), (84, 0.10034), (19, 0.09085), (13, 0.08128)
193: (243, 0.09306), (179, 0.10256), (143, 0.06865), (131, 0.01012), (106, 0.02119), (105, 0.03141), (84, 0.09844)
194: (220, 0.11551), (164, 0.07229), (130, 0.05825), (116, 0.08583), (89, 0.0511), (87, 0.08273), (75, 0.06452), (61, 0.07466), (40, 0.10624), (20, 0.09349), (1, 0.11069)
195: (238, 0.1139), (245, 0.09286), (154, 0.11016), (142, 0.08901), (23, 0.0809), (9, 0.04585)
196: (205, 0.05718), (214, 0.08233), (219, 0.08903), (181, 0.11674), (156, 0.08377), (139, 0.04593), (122, 0.05144), (110, 0.05323), (108, 0.03132), (101, 0.03115), (42, 0.09113)
197: (230, 0.09937), (184, 0.05351), (172, 0.09121), (157, 0.07152), (155, 0.11679), (148, 0.07085), (125, 0.05633), (124, 0.10321), (118, 0.06902), (65, 0.09301), (57, 0.02583), (7, 0.06984)
198: (223, 0.09036), (242, 0.03037), (182, 0.0787), (170, 0.10237), (121, 0.07031), (113, 0.05009), (94, 0.09053), (41, 0.10323), (35, 0.10645), (28, 0.00775), (12, 0.05807)
199: (237, 0.06767), (96, 0.01569), (63, 0.01821), (60, 0.04868), (25, 0.07779)
200: (203, 0.05651), (223, 0.09984), (249, 0.06335), (189, 0.11303), (158, 0.07196), (107, 0.08254), (72, 0.08158), (1, 0.0955)
201: (216, 0.11363), (217, 0.11118), (232, 0.03557), (248, 0.06668), (185, 0.06956), (144, 0.0814), (104, 0.02597), (83, 0.09238), (50, 0.09673), (48, 0.03841), (32, 0.11801)
202: (204, 0.04207), (209, 0.10956), (211, 0.09692), (222, 0.0544), (225, 0.06056), (191, 0.06216), (176, 0.04299), (163, 0.09825), (160, 0.08639), (114, 0.07319), (97, 0.0887), (93, 0.11502), (80, 0.11386), (68, 0.07329), (58, 0.06778), (49, 0.05875), (44, 0.05971), (15, 0.08786), (0, 0.04678)
203: (249, 0.04148), (200, 0.05651), (189, 0.05779), (186, 0.10305), (177, 0.0682), (158, 0.09121), (150, 0.11351), (107, 0.11594), (72, 0.0347), (1, 0.08567)
204: (222, 0.09626), (225, 0.05003), (231, 0.11432), (202, 0.04207), (191, 0.07061), (176, 0.06123), (168, 0.11515), (160, 0.06352), (144, 0.1154), (114, 0.11526), (97, 0.04951), (93, 0.07908), (80, 0.10423), (68, 0.10336), (59, 0.10796), (58, 0.10891), (49, 0.02568), (44, 0.01774), (15, 0.11074), (0, 0.05476) 
205: (207, 0.10606), (210, 0.07932), (214, 0.07345), (219, 0.05157), (221, 0.08879), (196, 0.05718), (156, 0.05088), (139, 0.01814), (122, 0.00647), (110, 0.05391), (108, 0.08755), (101, 0.05734), (92, 0.11628)
206: (209, 0.11467), (149, 0.10265), (66, 0.05154), (39, 0.10412), (24, 0.09602)
207: (210, 0.03158), (212, 0.05667), (214, 0.10119), (219, 0.06878), (221, 0.02902), (244, 0.09218), (205, 0.10606), (156, 0.07567), (152, 0.08799), (122, 0.11241), (110, 0.11522), (82, 0.1029), (43, 0.02708), (30, 0.08708), (11, 0.11101), (8, 0.09011)
208: (226, 0.04662), (231, 0.08821), (187, 0.06557), (168, 0.08885), (151, 0.00391), (118, 0.10634), (77, 0.11848), (65, 0.10677), (57, 0.11002), (52, 0.03135), (32, 0.11121)
209: (211, 0.01269), (222, 0.07357), (225, 0.11652), (206, 0.11467), (202, 0.10956), (163, 0.02235), (149, 0.05363), (114, 0.07685), (66, 0.11107), (58, 0.0954), (39, 0.10654), (24, 0.02802), (15, 0.0458), (0, 0.09511)
210: (212, 0.05813), (214, 0.07099), (219, 0.03728), (221, 0.03659), (244, 0.10062), (207, 0.03158), (205, 0.07932), (156, 0.04409), (152, 0.10636), (139, 0.09743), (122, 0.08536), (110, 0.08364), (43, 0.05763), (30, 0.09124), (8, 0.10661)
211: (222, 0.06192), (225, 0.10649), (209, 0.01269), (202, 0.09692), (163, 0.01708), (149, 0.0583), (114, 0.06713), (58, 0.08501), (39, 0.11209), (24, 0.03696), (15, 0.04), (0, 0.08438)
212: (214, 0.09024), (219, 0.08099), (221, 0.0832), (244, 0.04321), (210, 0.05813), (207, 0.05667), (179, 0.09146), (156, 0.08418), (152, 0.05852), (143, 0.11875), (110, 0.1155), (82, 0.10888), (79, 0.11328), (70, 0.11795), (43, 0.07554), (30, 0.03314), (11, 0.09716), (8, 0.05604)
213: (235, 0.09305), (238, 0.10707), (180, 0.03355), (172, 0.05932), (171, 0.06758), (165, 0.05003), (155, 0.01559), (142, 0.03433), (124, 0.03033), (118, 0.09204)
214: (219, 0.04104), (221, 0.10444), (212, 0.09024), (210, 0.07099), (207, 0.10119), (205, 0.07345), (196, 0.08233), (156, 0.03435), (139, 0.08428), (122, 0.07516), (110, 0.0292), (108, 0.09401), (101, 0.10662), (79, 0.09294), (70, 0.10735), (51, 0.10713), (30, 0.1128)
215: (183, 0.03017), (137, 0.11222), (126, 0.05899), (109, 0.06179), (74, 0.04643), (64, 0.11174), (38, 0.0529)
216: (232, 0.08738), (201, 0.11363), (95, 0.11785), (48, 0.07531)
217: (232, 0.09613), (201, 0.11118), (104, 0.09568), (83, 0.03695), (67, 0.04501), (55, 0.11852), (48, 0.1171), (45, 0.04535), (26, 0.1191), (5, 0.09458)   
218: (224, 0.05993), (227, 0.09192), (146, 0.06252), (137, 0.04325), (109, 0.07179), (91, 0.04088), (64, 0.08298), (47, 0.02914), (29, 0.02524)
219: (221, 0.06535), (214, 0.04104), (212, 0.08099), (210, 0.03728), (207, 0.06878), (205, 0.05157), (196, 0.08903), (156, 0.00745), (139, 0.06833), (122, 0.05638), (110, 0.0468), (108, 0.11157), (101, 0.10279), (43, 0.09405), (30, 0.11146)
220: (247, 0.10309), (194, 0.11551), (190, 0.0433), (189, 0.09403), (169, 0.10104), (164, 0.05001), (150, 0.04158), (116, 0.08021), (75, 0.09669), (72, 0.10329), (40, 0.0315), (20, 0.10072), (1, 0.10428)
221: (219, 0.06535), (214, 0.10444), (212, 0.0832), (210, 0.03659), (207, 0.02902), (205, 0.08879), (156, 0.0728), (152, 0.11655), (139, 0.10596), (122, 0.09525), (110, 0.11114), (43, 0.03765), (30, 0.11496), (8, 0.11895)
222: (225, 0.09842), (211, 0.06192), (209, 0.07357), (204, 0.09626), (202, 0.0544), (191, 0.09234), (176, 0.07243), (163, 0.05489), (149, 0.11405), (114, 0.0206), (68, 0.06811), (58, 0.02759), (49, 0.10927), (44, 0.1137), (33, 0.10644), (24, 0.09835), (23, 0.09692), (15, 0.07726), (0, 0.07573)
223: (242, 0.10184), (249, 0.10898), (200, 0.09984), (198, 0.09036), (182, 0.08452), (170, 0.03653), (158, 0.05291), (121, 0.0453), (113, 0.04665), (28, 0.09677), (17, 0.11337)
224: (218, 0.05993), (167, 0.07521), (146, 0.11387), (137, 0.10278), (91, 0.09863), (47, 0.05238), (29, 0.03477)
225: (222, 0.09842), (211, 0.10649), (209, 0.11652), (204, 0.05003), (202, 0.06056), (191, 0.11446), (176, 0.09939), (163, 0.11682), (160, 0.11314), (149, 0.10995), (114, 0.11896), (97, 0.05664), (80, 0.05577), (59, 0.08326), (49, 0.03314), (44, 0.05336), (24, 0.11996), (15, 0.07498), (0, 0.02383)
226: (231, 0.07638), (208, 0.04662), (187, 0.0366), (168, 0.07555), (151, 0.04792), (138, 0.11064), (102, 0.07775), (93, 0.11188), (77, 0.08175), (52, 0.02384), (32, 0.07421), (26, 0.11644), (5, 0.11433)
227: (218, 0.09192), (146, 0.0456), (137, 0.0793), (134, 0.03986), (119, 0.07465), (91, 0.0696), (81, 0.07588), (64, 0.0849), (29, 0.10208)
228: (241, 0.01473), (153, 0.05583), (115, 0.08124), (76, 0.09469), (37, 0.07596), (31, 0.07913), (3, 0.07635)
229: (249, 0.10098), (170, 0.10924), (161, 0.10509), (158, 0.09925), (120, 0.08292), (81, 0.10166), (53, 0.09315), (17, 0.06676)
230: (197, 0.09937), (188, 0.05191), (184, 0.04691), (181, 0.05963), (157, 0.05597), (148, 0.04043), (135, 0.11174), (125, 0.08248), (71, 0.05108), (65, 0.05007), (57, 0.08049), (27, 0.08817), (21, 0.08276), (7, 0.06107)
231: (248, 0.10699), (226, 0.07638), (208, 0.08821), (204, 0.11432), (191, 0.11935), (187, 0.04215), (168, 0.00268), (160, 0.06647), (151, 0.09202), (144, 0.09846), (97, 0.10938), (93, 0.03594), (52, 0.06392), (44, 0.10384), (32, 0.057)
232: (248, 0.10223), (217, 0.09613), (216, 0.08738), (201, 0.03557), (185, 0.10259), (144, 0.11686), (104, 0.04888), (83, 0.06812), (50, 0.11667), (48, 0.02109), (45, 0.09323)
233: (240, 0.07634), (188, 0.08575), (138, 0.09598), (90, 0.10517), (71, 0.07728), (62, 0.03192), (27, 0.04883), (21, 0.04409)
234: (159, 0.0549), (136, 0.03185), (130, 0.11697), (112, 0.08047), (87, 0.08302), (61, 0.10977)
235: (238, 0.07048), (213, 0.09305), (172, 0.07388), (171, 0.03106), (155, 0.09681), (154, 0.09296), (142, 0.11123), (132, 0.05508), (124, 0.10482), (92, 0.0604)
236: (178, 0.02867), (166, 0.09479), (129, 0.09707), (117, 0.08473), (98, 0.04433), (16, 0.07388), (6, 0.05556)
237: (199, 0.06767), (96, 0.06553), (63, 0.04962), (60, 0.11595)
238: (245, 0.06142), (235, 0.07048), (213, 0.10707), (195, 0.1139), (171, 0.05664), (155, 0.1194), (154, 0.02365), (142, 0.10237), (132, 0.06935)
239: (240, 0.10616), (159, 0.10493), (138, 0.11352), (128, 0.01726), (112, 0.10722), (78, 0.02065), (62, 0.10804), (55, 0.09744), (26, 0.11461), (4, 0.03883)
240: (239, 0.10616), (233, 0.07634), (188, 0.0956), (138, 0.02076), (102, 0.1174), (78, 0.09536), (77, 0.09031), (71, 0.11683), (65, 0.11415), (62, 0.07405), (27, 0.06581), (26, 0.11097), (21, 0.08207), (4, 0.11344)
241: (228, 0.01473), (153, 0.04247), (115, 0.0673), (76, 0.08004), (37, 0.06139), (31, 0.07871), (3, 0.07024)
242: (223, 0.10184), (198, 0.03037), (182, 0.10811), (121, 0.09371), (113, 0.05551), (94, 0.09095), (90, 0.10115), (28, 0.02503), (12, 0.08457)
243: (193, 0.09306), (192, 0.07897), (174, 0.07415), (131, 0.10112), (106, 0.1094), (105, 0.11674), (103, 0.05731), (84, 0.07221), (19, 0.09323)
244: (246, 0.11712), (212, 0.04321), (210, 0.10062), (207, 0.09218), (179, 0.0705), (152, 0.03365), (143, 0.07554), (82, 0.09913), (70, 0.11957), (43, 0.10274), (30, 0.01475), (11, 0.07397), (8, 0.02711)
245: (238, 0.06142), (195, 0.09286), (171, 0.11526), (154, 0.04011)
246: (244, 0.11712), (175, 0.03569), (152, 0.0951), (143, 0.0759), (123, 0.10306), (106, 0.11883), (105, 0.11604), (85, 0.09698), (82, 0.09265), (11, 0.06678), (10, 0.09977), (8, 0.09709)
247: (220, 0.10309), (190, 0.0668), (164, 0.09969), (116, 0.07638), (75, 0.10191), (40, 0.07741), (20, 0.07725)
248: (232, 0.10223), (231, 0.10699), (201, 0.06668), (187, 0.11716), (185, 0.02896), (168, 0.10481), (144, 0.01527), (104, 0.0664), (97, 0.08598), (93, 0.09608), (59, 0.08763), (50, 0.08802), (49, 0.11708), (48, 0.10057), (44, 0.11288), (32, 0.07367)
249: (229, 0.10098), (223, 0.10898), (203, 0.04148), (200, 0.06335), (189, 0.08557), (186, 0.11195), (177, 0.07806), (170, 0.11264), (161, 0.11843), (158, 0.05734), (72, 0.07452)